e,0001,0000,0010,0005,0.5198
e,0002,0035,0060,0017,0.8451
e,0003,0020,0040,0010,0.9081,Chemistry
e,0006,0090,0100,0002,0.1093
e,0008,0010,0050,0020,0.8942
e,0009,0000,0060,0025,0.1923
c,0010,0000,0020,0009,0.7560,Physics
e,0011,0030,0055,0010,0.0235
e,0012,0030,0075,0012,0.5923
c,0013,0025,0100,0025,1.0000,MATLAB
e,0014,0085,0100,0006,0.4124
e,0015,0080,0095,0004,0.0333
e,0016,0025,0045,0009,0.7263
e,0018,0050,0065,0011,0.2834
c,0019,0060,0085,0008,0.8345,Biology
e,0020,0050,0090,0005,0.0984
c,0021,0070,0095,0010,0.7893,Math
e,0022,0070,0085,0005,0.9831
e,0023,0040,0060,0002,0.4101
e,0024,0020,0040,0012,0.5218